{
 "cells": [
  {
   "cell_type": "markdown",
   "metadata": {},
   "source": [
    "- Check the datasets available in seaborn library (sns.get_dataset_names())\n",
    "- Load titanic data\n",
    "- The task is to classify passenger based on their survival\n",
    "- Prepare the data\n",
    "- Feature Selection\n",
    "- What are the models that you are going to use?\n",
    "- Hyperparameters tuning for your models\n",
    "- What are the results?\n",
    "- Should Jack Dawson survive?"
   ]
  },
  {
   "cell_type": "code",
   "execution_count": 347,
   "metadata": {},
   "outputs": [],
   "source": [
    "import pandas as pd\n",
    "import numpy as np\n",
    "import seaborn as sns\n",
    "from sklearn.linear_model import LinearRegression\n",
    "import matplotlib.pyplot as plt\n",
    "\n",
    "# features selection\n",
    "\n",
    "from sklearn.feature_selection import RFE\n",
    "from sklearn.ensemble import RandomForestClassifier\n",
    "from sklearn.feature_selection import SelectFromModel\n",
    "\n",
    "# split\n",
    "\n",
    "from sklearn.model_selection import train_test_split"
   ]
  },
  {
   "cell_type": "code",
   "execution_count": 348,
   "metadata": {},
   "outputs": [
    {
     "data": {
      "text/plain": [
       "['anagrams',\n",
       " 'anscombe',\n",
       " 'attention',\n",
       " 'brain_networks',\n",
       " 'car_crashes',\n",
       " 'diamonds',\n",
       " 'dots',\n",
       " 'dowjones',\n",
       " 'exercise',\n",
       " 'flights',\n",
       " 'fmri',\n",
       " 'geyser',\n",
       " 'glue',\n",
       " 'healthexp',\n",
       " 'iris',\n",
       " 'mpg',\n",
       " 'penguins',\n",
       " 'planets',\n",
       " 'seaice',\n",
       " 'taxis',\n",
       " 'tips',\n",
       " 'titanic']"
      ]
     },
     "execution_count": 348,
     "metadata": {},
     "output_type": "execute_result"
    }
   ],
   "source": [
    "sns.get_dataset_names()"
   ]
  },
  {
   "cell_type": "code",
   "execution_count": 349,
   "metadata": {},
   "outputs": [],
   "source": [
    "titanic = sns.load_dataset('titanic')"
   ]
  },
  {
   "cell_type": "markdown",
   "metadata": {},
   "source": [
    "### EDA "
   ]
  },
  {
   "cell_type": "code",
   "execution_count": 350,
   "metadata": {},
   "outputs": [
    {
     "data": {
      "text/html": [
       "<div>\n",
       "<style scoped>\n",
       "    .dataframe tbody tr th:only-of-type {\n",
       "        vertical-align: middle;\n",
       "    }\n",
       "\n",
       "    .dataframe tbody tr th {\n",
       "        vertical-align: top;\n",
       "    }\n",
       "\n",
       "    .dataframe thead th {\n",
       "        text-align: right;\n",
       "    }\n",
       "</style>\n",
       "<table border=\"1\" class=\"dataframe\">\n",
       "  <thead>\n",
       "    <tr style=\"text-align: right;\">\n",
       "      <th></th>\n",
       "      <th>survived</th>\n",
       "      <th>pclass</th>\n",
       "      <th>sex</th>\n",
       "      <th>age</th>\n",
       "      <th>sibsp</th>\n",
       "      <th>parch</th>\n",
       "      <th>fare</th>\n",
       "      <th>embarked</th>\n",
       "      <th>class</th>\n",
       "      <th>who</th>\n",
       "      <th>adult_male</th>\n",
       "      <th>deck</th>\n",
       "      <th>embark_town</th>\n",
       "      <th>alive</th>\n",
       "      <th>alone</th>\n",
       "    </tr>\n",
       "  </thead>\n",
       "  <tbody>\n",
       "    <tr>\n",
       "      <th>0</th>\n",
       "      <td>0</td>\n",
       "      <td>3</td>\n",
       "      <td>male</td>\n",
       "      <td>22.0</td>\n",
       "      <td>1</td>\n",
       "      <td>0</td>\n",
       "      <td>7.2500</td>\n",
       "      <td>S</td>\n",
       "      <td>Third</td>\n",
       "      <td>man</td>\n",
       "      <td>True</td>\n",
       "      <td>NaN</td>\n",
       "      <td>Southampton</td>\n",
       "      <td>no</td>\n",
       "      <td>False</td>\n",
       "    </tr>\n",
       "    <tr>\n",
       "      <th>1</th>\n",
       "      <td>1</td>\n",
       "      <td>1</td>\n",
       "      <td>female</td>\n",
       "      <td>38.0</td>\n",
       "      <td>1</td>\n",
       "      <td>0</td>\n",
       "      <td>71.2833</td>\n",
       "      <td>C</td>\n",
       "      <td>First</td>\n",
       "      <td>woman</td>\n",
       "      <td>False</td>\n",
       "      <td>C</td>\n",
       "      <td>Cherbourg</td>\n",
       "      <td>yes</td>\n",
       "      <td>False</td>\n",
       "    </tr>\n",
       "    <tr>\n",
       "      <th>2</th>\n",
       "      <td>1</td>\n",
       "      <td>3</td>\n",
       "      <td>female</td>\n",
       "      <td>26.0</td>\n",
       "      <td>0</td>\n",
       "      <td>0</td>\n",
       "      <td>7.9250</td>\n",
       "      <td>S</td>\n",
       "      <td>Third</td>\n",
       "      <td>woman</td>\n",
       "      <td>False</td>\n",
       "      <td>NaN</td>\n",
       "      <td>Southampton</td>\n",
       "      <td>yes</td>\n",
       "      <td>True</td>\n",
       "    </tr>\n",
       "    <tr>\n",
       "      <th>3</th>\n",
       "      <td>1</td>\n",
       "      <td>1</td>\n",
       "      <td>female</td>\n",
       "      <td>35.0</td>\n",
       "      <td>1</td>\n",
       "      <td>0</td>\n",
       "      <td>53.1000</td>\n",
       "      <td>S</td>\n",
       "      <td>First</td>\n",
       "      <td>woman</td>\n",
       "      <td>False</td>\n",
       "      <td>C</td>\n",
       "      <td>Southampton</td>\n",
       "      <td>yes</td>\n",
       "      <td>False</td>\n",
       "    </tr>\n",
       "    <tr>\n",
       "      <th>4</th>\n",
       "      <td>0</td>\n",
       "      <td>3</td>\n",
       "      <td>male</td>\n",
       "      <td>35.0</td>\n",
       "      <td>0</td>\n",
       "      <td>0</td>\n",
       "      <td>8.0500</td>\n",
       "      <td>S</td>\n",
       "      <td>Third</td>\n",
       "      <td>man</td>\n",
       "      <td>True</td>\n",
       "      <td>NaN</td>\n",
       "      <td>Southampton</td>\n",
       "      <td>no</td>\n",
       "      <td>True</td>\n",
       "    </tr>\n",
       "  </tbody>\n",
       "</table>\n",
       "</div>"
      ],
      "text/plain": [
       "   survived  pclass     sex   age  sibsp  parch     fare embarked  class  \\\n",
       "0         0       3    male  22.0      1      0   7.2500        S  Third   \n",
       "1         1       1  female  38.0      1      0  71.2833        C  First   \n",
       "2         1       3  female  26.0      0      0   7.9250        S  Third   \n",
       "3         1       1  female  35.0      1      0  53.1000        S  First   \n",
       "4         0       3    male  35.0      0      0   8.0500        S  Third   \n",
       "\n",
       "     who  adult_male deck  embark_town alive  alone  \n",
       "0    man        True  NaN  Southampton    no  False  \n",
       "1  woman       False    C    Cherbourg   yes  False  \n",
       "2  woman       False  NaN  Southampton   yes   True  \n",
       "3  woman       False    C  Southampton   yes  False  \n",
       "4    man        True  NaN  Southampton    no   True  "
      ]
     },
     "execution_count": 350,
     "metadata": {},
     "output_type": "execute_result"
    }
   ],
   "source": [
    "titanic.head()"
   ]
  },
  {
   "cell_type": "code",
   "execution_count": 351,
   "metadata": {},
   "outputs": [
    {
     "data": {
      "text/plain": [
       "(891, 15)"
      ]
     },
     "execution_count": 351,
     "metadata": {},
     "output_type": "execute_result"
    }
   ],
   "source": [
    "titanic.shape"
   ]
  },
  {
   "cell_type": "code",
   "execution_count": 352,
   "metadata": {},
   "outputs": [
    {
     "data": {
      "text/plain": [
       "survived          int64\n",
       "pclass            int64\n",
       "sex              object\n",
       "age             float64\n",
       "sibsp             int64\n",
       "parch             int64\n",
       "fare            float64\n",
       "embarked         object\n",
       "class          category\n",
       "who              object\n",
       "adult_male         bool\n",
       "deck           category\n",
       "embark_town      object\n",
       "alive            object\n",
       "alone              bool\n",
       "dtype: object"
      ]
     },
     "execution_count": 352,
     "metadata": {},
     "output_type": "execute_result"
    }
   ],
   "source": [
    "titanic.dtypes"
   ]
  },
  {
   "cell_type": "code",
   "execution_count": 353,
   "metadata": {},
   "outputs": [],
   "source": [
    "# Creating two list for object columns and for numerical columns\n",
    "\n",
    "strings2 = ['sex', 'embarked', 'class','who','adult_male', 'deck', 'embark_town', 'alive', 'alone']\n",
    "numeric2 = [ 'survived','pclass','age', 'sibsp', 'parch', 'fare']"
   ]
  },
  {
   "cell_type": "code",
   "execution_count": 354,
   "metadata": {},
   "outputs": [
    {
     "data": {
      "text/plain": [
       "survived         0\n",
       "pclass           0\n",
       "sex              0\n",
       "age            177\n",
       "sibsp            0\n",
       "parch            0\n",
       "fare             0\n",
       "embarked         2\n",
       "class            0\n",
       "who              0\n",
       "adult_male       0\n",
       "deck           688\n",
       "embark_town      2\n",
       "alive            0\n",
       "alone            0\n",
       "dtype: int64"
      ]
     },
     "execution_count": 354,
     "metadata": {},
     "output_type": "execute_result"
    }
   ],
   "source": [
    "titanic.isna().sum()"
   ]
  },
  {
   "cell_type": "code",
   "execution_count": 355,
   "metadata": {},
   "outputs": [
    {
     "name": "stderr",
     "output_type": "stream",
     "text": [
      "/var/folders/gw/y4dl2m9n7sjgz9jqdm3ht3t80000gn/T/ipykernel_1722/1747405737.py:6: SettingWithCopyWarning: \n",
      "A value is trying to be set on a copy of a slice from a DataFrame\n",
      "\n",
      "See the caveats in the documentation: https://pandas.pydata.org/pandas-docs/stable/user_guide/indexing.html#returning-a-view-versus-a-copy\n",
      "  titanic[s][titanic[s] == 'nan'] = mode\n",
      "/var/folders/gw/y4dl2m9n7sjgz9jqdm3ht3t80000gn/T/ipykernel_1722/1747405737.py:6: SettingWithCopyWarning: \n",
      "A value is trying to be set on a copy of a slice from a DataFrame\n",
      "\n",
      "See the caveats in the documentation: https://pandas.pydata.org/pandas-docs/stable/user_guide/indexing.html#returning-a-view-versus-a-copy\n",
      "  titanic[s][titanic[s] == 'nan'] = mode\n",
      "/var/folders/gw/y4dl2m9n7sjgz9jqdm3ht3t80000gn/T/ipykernel_1722/1747405737.py:6: SettingWithCopyWarning: \n",
      "A value is trying to be set on a copy of a slice from a DataFrame\n",
      "\n",
      "See the caveats in the documentation: https://pandas.pydata.org/pandas-docs/stable/user_guide/indexing.html#returning-a-view-versus-a-copy\n",
      "  titanic[s][titanic[s] == 'nan'] = mode\n",
      "/var/folders/gw/y4dl2m9n7sjgz9jqdm3ht3t80000gn/T/ipykernel_1722/1747405737.py:6: SettingWithCopyWarning: \n",
      "A value is trying to be set on a copy of a slice from a DataFrame\n",
      "\n",
      "See the caveats in the documentation: https://pandas.pydata.org/pandas-docs/stable/user_guide/indexing.html#returning-a-view-versus-a-copy\n",
      "  titanic[s][titanic[s] == 'nan'] = mode\n",
      "/var/folders/gw/y4dl2m9n7sjgz9jqdm3ht3t80000gn/T/ipykernel_1722/1747405737.py:6: SettingWithCopyWarning: \n",
      "A value is trying to be set on a copy of a slice from a DataFrame\n",
      "\n",
      "See the caveats in the documentation: https://pandas.pydata.org/pandas-docs/stable/user_guide/indexing.html#returning-a-view-versus-a-copy\n",
      "  titanic[s][titanic[s] == 'nan'] = mode\n",
      "/var/folders/gw/y4dl2m9n7sjgz9jqdm3ht3t80000gn/T/ipykernel_1722/1747405737.py:6: SettingWithCopyWarning: \n",
      "A value is trying to be set on a copy of a slice from a DataFrame\n",
      "\n",
      "See the caveats in the documentation: https://pandas.pydata.org/pandas-docs/stable/user_guide/indexing.html#returning-a-view-versus-a-copy\n",
      "  titanic[s][titanic[s] == 'nan'] = mode\n",
      "/var/folders/gw/y4dl2m9n7sjgz9jqdm3ht3t80000gn/T/ipykernel_1722/1747405737.py:6: SettingWithCopyWarning: \n",
      "A value is trying to be set on a copy of a slice from a DataFrame\n",
      "\n",
      "See the caveats in the documentation: https://pandas.pydata.org/pandas-docs/stable/user_guide/indexing.html#returning-a-view-versus-a-copy\n",
      "  titanic[s][titanic[s] == 'nan'] = mode\n"
     ]
    }
   ],
   "source": [
    "# filling missing values by mean and mode (numercial and categorical respectively)\n",
    "\n",
    "for s in strings2:\n",
    "    mode = titanic[s].mode()[0]\n",
    "    titanic[s]= titanic[s].fillna(mode)\n",
    "    titanic[s][titanic[s] == 'nan'] = mode\n",
    "    \n",
    "for n in numeric2:\n",
    "    median = titanic[n].median()\n",
    "    titanic[n]= titanic[n].fillna(median)"
   ]
  },
  {
   "cell_type": "code",
   "execution_count": 356,
   "metadata": {},
   "outputs": [
    {
     "data": {
      "text/plain": [
       "survived       0\n",
       "pclass         0\n",
       "sex            0\n",
       "age            0\n",
       "sibsp          0\n",
       "parch          0\n",
       "fare           0\n",
       "embarked       0\n",
       "class          0\n",
       "who            0\n",
       "adult_male     0\n",
       "deck           0\n",
       "embark_town    0\n",
       "alive          0\n",
       "alone          0\n",
       "dtype: int64"
      ]
     },
     "execution_count": 356,
     "metadata": {},
     "output_type": "execute_result"
    }
   ],
   "source": [
    "titanic.isna().sum()"
   ]
  },
  {
   "cell_type": "code",
   "execution_count": 357,
   "metadata": {},
   "outputs": [
    {
     "data": {
      "text/html": [
       "<div>\n",
       "<style scoped>\n",
       "    .dataframe tbody tr th:only-of-type {\n",
       "        vertical-align: middle;\n",
       "    }\n",
       "\n",
       "    .dataframe tbody tr th {\n",
       "        vertical-align: top;\n",
       "    }\n",
       "\n",
       "    .dataframe thead th {\n",
       "        text-align: right;\n",
       "    }\n",
       "</style>\n",
       "<table border=\"1\" class=\"dataframe\">\n",
       "  <thead>\n",
       "    <tr style=\"text-align: right;\">\n",
       "      <th></th>\n",
       "      <th>survived</th>\n",
       "      <th>pclass</th>\n",
       "      <th>age</th>\n",
       "      <th>sibsp</th>\n",
       "      <th>parch</th>\n",
       "      <th>fare</th>\n",
       "      <th>adult_male</th>\n",
       "      <th>alone</th>\n",
       "    </tr>\n",
       "  </thead>\n",
       "  <tbody>\n",
       "    <tr>\n",
       "      <th>survived</th>\n",
       "      <td>1.000000</td>\n",
       "      <td>-0.338481</td>\n",
       "      <td>-0.064910</td>\n",
       "      <td>-0.035322</td>\n",
       "      <td>0.081629</td>\n",
       "      <td>0.257307</td>\n",
       "      <td>-0.557080</td>\n",
       "      <td>-0.203367</td>\n",
       "    </tr>\n",
       "    <tr>\n",
       "      <th>pclass</th>\n",
       "      <td>-0.338481</td>\n",
       "      <td>1.000000</td>\n",
       "      <td>-0.339898</td>\n",
       "      <td>0.083081</td>\n",
       "      <td>0.018443</td>\n",
       "      <td>-0.549500</td>\n",
       "      <td>0.094035</td>\n",
       "      <td>0.135207</td>\n",
       "    </tr>\n",
       "    <tr>\n",
       "      <th>age</th>\n",
       "      <td>-0.064910</td>\n",
       "      <td>-0.339898</td>\n",
       "      <td>1.000000</td>\n",
       "      <td>-0.233296</td>\n",
       "      <td>-0.172482</td>\n",
       "      <td>0.096688</td>\n",
       "      <td>0.247704</td>\n",
       "      <td>0.171647</td>\n",
       "    </tr>\n",
       "    <tr>\n",
       "      <th>sibsp</th>\n",
       "      <td>-0.035322</td>\n",
       "      <td>0.083081</td>\n",
       "      <td>-0.233296</td>\n",
       "      <td>1.000000</td>\n",
       "      <td>0.414838</td>\n",
       "      <td>0.159651</td>\n",
       "      <td>-0.253586</td>\n",
       "      <td>-0.584471</td>\n",
       "    </tr>\n",
       "    <tr>\n",
       "      <th>parch</th>\n",
       "      <td>0.081629</td>\n",
       "      <td>0.018443</td>\n",
       "      <td>-0.172482</td>\n",
       "      <td>0.414838</td>\n",
       "      <td>1.000000</td>\n",
       "      <td>0.216225</td>\n",
       "      <td>-0.349943</td>\n",
       "      <td>-0.583398</td>\n",
       "    </tr>\n",
       "    <tr>\n",
       "      <th>fare</th>\n",
       "      <td>0.257307</td>\n",
       "      <td>-0.549500</td>\n",
       "      <td>0.096688</td>\n",
       "      <td>0.159651</td>\n",
       "      <td>0.216225</td>\n",
       "      <td>1.000000</td>\n",
       "      <td>-0.182024</td>\n",
       "      <td>-0.271832</td>\n",
       "    </tr>\n",
       "    <tr>\n",
       "      <th>adult_male</th>\n",
       "      <td>-0.557080</td>\n",
       "      <td>0.094035</td>\n",
       "      <td>0.247704</td>\n",
       "      <td>-0.253586</td>\n",
       "      <td>-0.349943</td>\n",
       "      <td>-0.182024</td>\n",
       "      <td>1.000000</td>\n",
       "      <td>0.404744</td>\n",
       "    </tr>\n",
       "    <tr>\n",
       "      <th>alone</th>\n",
       "      <td>-0.203367</td>\n",
       "      <td>0.135207</td>\n",
       "      <td>0.171647</td>\n",
       "      <td>-0.584471</td>\n",
       "      <td>-0.583398</td>\n",
       "      <td>-0.271832</td>\n",
       "      <td>0.404744</td>\n",
       "      <td>1.000000</td>\n",
       "    </tr>\n",
       "  </tbody>\n",
       "</table>\n",
       "</div>"
      ],
      "text/plain": [
       "            survived    pclass       age     sibsp     parch      fare  \\\n",
       "survived    1.000000 -0.338481 -0.064910 -0.035322  0.081629  0.257307   \n",
       "pclass     -0.338481  1.000000 -0.339898  0.083081  0.018443 -0.549500   \n",
       "age        -0.064910 -0.339898  1.000000 -0.233296 -0.172482  0.096688   \n",
       "sibsp      -0.035322  0.083081 -0.233296  1.000000  0.414838  0.159651   \n",
       "parch       0.081629  0.018443 -0.172482  0.414838  1.000000  0.216225   \n",
       "fare        0.257307 -0.549500  0.096688  0.159651  0.216225  1.000000   \n",
       "adult_male -0.557080  0.094035  0.247704 -0.253586 -0.349943 -0.182024   \n",
       "alone      -0.203367  0.135207  0.171647 -0.584471 -0.583398 -0.271832   \n",
       "\n",
       "            adult_male     alone  \n",
       "survived     -0.557080 -0.203367  \n",
       "pclass        0.094035  0.135207  \n",
       "age           0.247704  0.171647  \n",
       "sibsp        -0.253586 -0.584471  \n",
       "parch        -0.349943 -0.583398  \n",
       "fare         -0.182024 -0.271832  \n",
       "adult_male    1.000000  0.404744  \n",
       "alone         0.404744  1.000000  "
      ]
     },
     "execution_count": 357,
     "metadata": {},
     "output_type": "execute_result"
    }
   ],
   "source": [
    "titanic.corr()"
   ]
  },
  {
   "cell_type": "code",
   "execution_count": 358,
   "metadata": {},
   "outputs": [
    {
     "data": {
      "text/plain": [
       "Index(['survived', 'pclass', 'sex', 'age', 'sibsp', 'parch', 'fare',\n",
       "       'embarked', 'class', 'who', 'adult_male', 'deck', 'embark_town',\n",
       "       'alive', 'alone'],\n",
       "      dtype='object')"
      ]
     },
     "execution_count": 358,
     "metadata": {},
     "output_type": "execute_result"
    }
   ],
   "source": [
    "titanic.columns"
   ]
  },
  {
   "cell_type": "code",
   "execution_count": 359,
   "metadata": {},
   "outputs": [],
   "source": [
    "from sklearn.preprocessing import LabelEncoder\n",
    "encoder = LabelEncoder()\n",
    "titanic['sex_encode']=encoder.fit_transform(titanic['sex'])\n",
    "titanic['embarked_encode']=encoder.fit_transform(titanic['embarked'])\n",
    "titanic['class_encode']=encoder.fit_transform(titanic['class'])\n",
    "titanic['gender_encode']=encoder.fit_transform(titanic['who'])\n",
    "titanic['adult_male_encode']=encoder.fit_transform(titanic['adult_male'])\n",
    "titanic['deck_encode']=encoder.fit_transform(titanic['deck'])\n",
    "titanic['embark_town_encode']=encoder.fit_transform(titanic['embark_town'])\n",
    "titanic['alive_encode']=encoder.fit_transform(titanic['alive'])\n",
    "titanic['alone_encode']=encoder.fit_transform(titanic['alone'])"
   ]
  },
  {
   "cell_type": "code",
   "execution_count": 360,
   "metadata": {},
   "outputs": [],
   "source": [
    "del titanic['sex']\n",
    "del titanic['embarked']\n",
    "del titanic['class']\n",
    "del titanic['who']\n",
    "del titanic['adult_male']\n",
    "del titanic['deck']\n",
    "del titanic['embark_town']\n",
    "del titanic['alive']\n",
    "del titanic['alone']\n",
    "del titanic['alive_encode']\n",
    "del titanic['class_encode']\n",
    "del titanic['embark_town_encode']\n",
    "del titanic['adult_male_encode']"
   ]
  },
  {
   "cell_type": "code",
   "execution_count": 361,
   "metadata": {},
   "outputs": [
    {
     "data": {
      "text/html": [
       "<div>\n",
       "<style scoped>\n",
       "    .dataframe tbody tr th:only-of-type {\n",
       "        vertical-align: middle;\n",
       "    }\n",
       "\n",
       "    .dataframe tbody tr th {\n",
       "        vertical-align: top;\n",
       "    }\n",
       "\n",
       "    .dataframe thead th {\n",
       "        text-align: right;\n",
       "    }\n",
       "</style>\n",
       "<table border=\"1\" class=\"dataframe\">\n",
       "  <thead>\n",
       "    <tr style=\"text-align: right;\">\n",
       "      <th></th>\n",
       "      <th>survived</th>\n",
       "      <th>pclass</th>\n",
       "      <th>age</th>\n",
       "      <th>sibsp</th>\n",
       "      <th>parch</th>\n",
       "      <th>fare</th>\n",
       "      <th>sex_encode</th>\n",
       "      <th>embarked_encode</th>\n",
       "      <th>gender_encode</th>\n",
       "      <th>deck_encode</th>\n",
       "      <th>alone_encode</th>\n",
       "    </tr>\n",
       "  </thead>\n",
       "  <tbody>\n",
       "    <tr>\n",
       "      <th>survived</th>\n",
       "      <td>1.000000</td>\n",
       "      <td>-0.338481</td>\n",
       "      <td>-0.064910</td>\n",
       "      <td>-0.035322</td>\n",
       "      <td>0.081629</td>\n",
       "      <td>0.257307</td>\n",
       "      <td>-0.543351</td>\n",
       "      <td>-0.167675</td>\n",
       "      <td>0.325753</td>\n",
       "      <td>0.089095</td>\n",
       "      <td>-0.203367</td>\n",
       "    </tr>\n",
       "    <tr>\n",
       "      <th>pclass</th>\n",
       "      <td>-0.338481</td>\n",
       "      <td>1.000000</td>\n",
       "      <td>-0.339898</td>\n",
       "      <td>0.083081</td>\n",
       "      <td>0.018443</td>\n",
       "      <td>-0.549500</td>\n",
       "      <td>0.131900</td>\n",
       "      <td>0.162098</td>\n",
       "      <td>-0.196793</td>\n",
       "      <td>0.022584</td>\n",
       "      <td>0.135207</td>\n",
       "    </tr>\n",
       "    <tr>\n",
       "      <th>age</th>\n",
       "      <td>-0.064910</td>\n",
       "      <td>-0.339898</td>\n",
       "      <td>1.000000</td>\n",
       "      <td>-0.233296</td>\n",
       "      <td>-0.172482</td>\n",
       "      <td>0.096688</td>\n",
       "      <td>0.081163</td>\n",
       "      <td>-0.018754</td>\n",
       "      <td>0.350163</td>\n",
       "      <td>-0.042536</td>\n",
       "      <td>0.171647</td>\n",
       "    </tr>\n",
       "    <tr>\n",
       "      <th>sibsp</th>\n",
       "      <td>-0.035322</td>\n",
       "      <td>0.083081</td>\n",
       "      <td>-0.233296</td>\n",
       "      <td>1.000000</td>\n",
       "      <td>0.414838</td>\n",
       "      <td>0.159651</td>\n",
       "      <td>-0.114631</td>\n",
       "      <td>0.068230</td>\n",
       "      <td>-0.136003</td>\n",
       "      <td>0.004008</td>\n",
       "      <td>-0.584471</td>\n",
       "    </tr>\n",
       "    <tr>\n",
       "      <th>parch</th>\n",
       "      <td>0.081629</td>\n",
       "      <td>0.018443</td>\n",
       "      <td>-0.172482</td>\n",
       "      <td>0.414838</td>\n",
       "      <td>1.000000</td>\n",
       "      <td>0.216225</td>\n",
       "      <td>-0.245489</td>\n",
       "      <td>0.039798</td>\n",
       "      <td>-0.055682</td>\n",
       "      <td>0.022493</td>\n",
       "      <td>-0.583398</td>\n",
       "    </tr>\n",
       "    <tr>\n",
       "      <th>fare</th>\n",
       "      <td>0.257307</td>\n",
       "      <td>-0.549500</td>\n",
       "      <td>0.096688</td>\n",
       "      <td>0.159651</td>\n",
       "      <td>0.216225</td>\n",
       "      <td>1.000000</td>\n",
       "      <td>-0.182333</td>\n",
       "      <td>-0.224719</td>\n",
       "      <td>0.146290</td>\n",
       "      <td>-0.101230</td>\n",
       "      <td>-0.271832</td>\n",
       "    </tr>\n",
       "    <tr>\n",
       "      <th>sex_encode</th>\n",
       "      <td>-0.543351</td>\n",
       "      <td>0.131900</td>\n",
       "      <td>0.081163</td>\n",
       "      <td>-0.114631</td>\n",
       "      <td>-0.245489</td>\n",
       "      <td>-0.182333</td>\n",
       "      <td>1.000000</td>\n",
       "      <td>0.108262</td>\n",
       "      <td>-0.639773</td>\n",
       "      <td>-0.078556</td>\n",
       "      <td>0.303646</td>\n",
       "    </tr>\n",
       "    <tr>\n",
       "      <th>embarked_encode</th>\n",
       "      <td>-0.167675</td>\n",
       "      <td>0.162098</td>\n",
       "      <td>-0.018754</td>\n",
       "      <td>0.068230</td>\n",
       "      <td>0.039798</td>\n",
       "      <td>-0.224719</td>\n",
       "      <td>0.108262</td>\n",
       "      <td>1.000000</td>\n",
       "      <td>-0.064154</td>\n",
       "      <td>0.100166</td>\n",
       "      <td>0.063532</td>\n",
       "    </tr>\n",
       "    <tr>\n",
       "      <th>gender_encode</th>\n",
       "      <td>0.325753</td>\n",
       "      <td>-0.196793</td>\n",
       "      <td>0.350163</td>\n",
       "      <td>-0.136003</td>\n",
       "      <td>-0.055682</td>\n",
       "      <td>0.146290</td>\n",
       "      <td>-0.639773</td>\n",
       "      <td>-0.064154</td>\n",
       "      <td>1.000000</td>\n",
       "      <td>0.021915</td>\n",
       "      <td>0.006540</td>\n",
       "    </tr>\n",
       "    <tr>\n",
       "      <th>deck_encode</th>\n",
       "      <td>0.089095</td>\n",
       "      <td>0.022584</td>\n",
       "      <td>-0.042536</td>\n",
       "      <td>0.004008</td>\n",
       "      <td>0.022493</td>\n",
       "      <td>-0.101230</td>\n",
       "      <td>-0.078556</td>\n",
       "      <td>0.100166</td>\n",
       "      <td>0.021915</td>\n",
       "      <td>1.000000</td>\n",
       "      <td>-0.075497</td>\n",
       "    </tr>\n",
       "    <tr>\n",
       "      <th>alone_encode</th>\n",
       "      <td>-0.203367</td>\n",
       "      <td>0.135207</td>\n",
       "      <td>0.171647</td>\n",
       "      <td>-0.584471</td>\n",
       "      <td>-0.583398</td>\n",
       "      <td>-0.271832</td>\n",
       "      <td>0.303646</td>\n",
       "      <td>0.063532</td>\n",
       "      <td>0.006540</td>\n",
       "      <td>-0.075497</td>\n",
       "      <td>1.000000</td>\n",
       "    </tr>\n",
       "  </tbody>\n",
       "</table>\n",
       "</div>"
      ],
      "text/plain": [
       "                 survived    pclass       age     sibsp     parch      fare  \\\n",
       "survived         1.000000 -0.338481 -0.064910 -0.035322  0.081629  0.257307   \n",
       "pclass          -0.338481  1.000000 -0.339898  0.083081  0.018443 -0.549500   \n",
       "age             -0.064910 -0.339898  1.000000 -0.233296 -0.172482  0.096688   \n",
       "sibsp           -0.035322  0.083081 -0.233296  1.000000  0.414838  0.159651   \n",
       "parch            0.081629  0.018443 -0.172482  0.414838  1.000000  0.216225   \n",
       "fare             0.257307 -0.549500  0.096688  0.159651  0.216225  1.000000   \n",
       "sex_encode      -0.543351  0.131900  0.081163 -0.114631 -0.245489 -0.182333   \n",
       "embarked_encode -0.167675  0.162098 -0.018754  0.068230  0.039798 -0.224719   \n",
       "gender_encode    0.325753 -0.196793  0.350163 -0.136003 -0.055682  0.146290   \n",
       "deck_encode      0.089095  0.022584 -0.042536  0.004008  0.022493 -0.101230   \n",
       "alone_encode    -0.203367  0.135207  0.171647 -0.584471 -0.583398 -0.271832   \n",
       "\n",
       "                 sex_encode  embarked_encode  gender_encode  deck_encode  \\\n",
       "survived          -0.543351        -0.167675       0.325753     0.089095   \n",
       "pclass             0.131900         0.162098      -0.196793     0.022584   \n",
       "age                0.081163        -0.018754       0.350163    -0.042536   \n",
       "sibsp             -0.114631         0.068230      -0.136003     0.004008   \n",
       "parch             -0.245489         0.039798      -0.055682     0.022493   \n",
       "fare              -0.182333        -0.224719       0.146290    -0.101230   \n",
       "sex_encode         1.000000         0.108262      -0.639773    -0.078556   \n",
       "embarked_encode    0.108262         1.000000      -0.064154     0.100166   \n",
       "gender_encode     -0.639773        -0.064154       1.000000     0.021915   \n",
       "deck_encode       -0.078556         0.100166       0.021915     1.000000   \n",
       "alone_encode       0.303646         0.063532       0.006540    -0.075497   \n",
       "\n",
       "                 alone_encode  \n",
       "survived            -0.203367  \n",
       "pclass               0.135207  \n",
       "age                  0.171647  \n",
       "sibsp               -0.584471  \n",
       "parch               -0.583398  \n",
       "fare                -0.271832  \n",
       "sex_encode           0.303646  \n",
       "embarked_encode      0.063532  \n",
       "gender_encode        0.006540  \n",
       "deck_encode         -0.075497  \n",
       "alone_encode         1.000000  "
      ]
     },
     "execution_count": 361,
     "metadata": {},
     "output_type": "execute_result"
    }
   ],
   "source": [
    "titanic.corr()"
   ]
  },
  {
   "cell_type": "code",
   "execution_count": 362,
   "metadata": {},
   "outputs": [
    {
     "data": {
